0.0000000381946300763178
0.0000000381946300763178
0.0000000381946300763178
0.0000000381946300763178
0.0000000381946300763178
0.0000000381946300763178
0.0000000381946300763178
0.0000000381946300763178
0.0000000381946300763178
0.0000000381946300763178
0.0000000381946300763178
0.0000000381946300763178
0.0000000381946300763178
0.0000000381946300763178
0.0000000381946300763178
0.0000000516819486733362
0.0000001494534442104610
0.0000005405947728515720
0.0000018547885256613400
0.0000607378702202539000
0.0013685950413223100000
0.0086314207758313900000
0.0737832259084978000000
1.6435920756059900000000
51.3964030354556000000000
222.5812465046920000000000
98.1818181818182000000000
73.7538060026099000000000
64.2801217920835000000000
118.8516746411480000000000
118.8516746411480000000000
118.8516746411480000000000
118.8516746411480000000000
118.8516746411480000000000
118.8516746411480000000000
118.8516746411480000000000
118.8516746411480000000000
118.8516746411480000000000
118.8516746411480000000000
118.8516746411480000000000
118.8516746411480000000000
118.8516746411480000000000
118.8516746411480000000000
118.8516746411480000000000
118.8516746411480000000000
118.8516746411480000000000
118.8516746411480000000000
118.8516746411480000000000
118.8516746411480000000000
118.8516746411480000000000
118.8516746411480000000000
118.8516746411480000000000
118.8516746411480000000000
118.8516746411480000000000
118.8516746411480000000000
118.8516746411480000000000
118.8516746411480000000000
118.8516746411480000000000
118.8516746411480000000000
118.8516746411480000000000
118.8516746411480000000000
118.8516746411480000000000
118.8516746411480000000000
