0.000000582529
0.000000582529
0.000000582529
0.000000582529
0.000000582529
0.000000582529
0.000000582529
0.000000582529
0.000000582529
0.000000582529
0.000000582529
0.000000582529
0.000000582529
0.000000582529
0.000000582529
0.000000582529
0.000000582529
0.000000582529
0.000001019889
0.000081525630
0.001838227914
0.010030308383
0.102225843862
2.514513730331
57.416448149053
163.422196788086
184.951090909091
205.678000000000
213.027416666667
251.696333333333
289.868166666667
301.676333333333
359.013000000000
462.041833333333
499.586750000000
499.586750000000
499.586750000000
499.586750000000
499.586750000000
499.586750000000
499.586750000000
